9481.794083		168673252469550579557899067836420932546
8589.097002000002		57979370615741928609283005034325220088
7789.967496000001		17649598783482525745073710167618606107
7191.745979000001		97668020538124808838065356267872887871
5784.503268		284207700310595285051849664560473814989
5763.259694000001		133772998861810280463554697803246893667
5294.9412630000015		28861346692219066276763311893324806846
5037.595739		133131890036174073076698053594002226435
4715.0616580000005		243508655458034237100533895956090640779
4235.2528760000005		299514726029312141732487044917431348445
3735.3239310000013		163504815576561508839595011810493156108
3592.014322		41516662375067056939215469405870429461
3541.1361270000007		339649168605384199188881305141721852327
3374.167278		5435181885374803069870833446933424138
3374.167278		227876852544094031571428491870135989894
3300.419408		320237033252382067169682303302645524469
3169.086231		83875561487324217480639832016255887350
3112.7196370000006		77537733561301010261117024908166108799
2686.8677500000003		174934866005477236601552608567437049397
2566.1666450000002		288576853287768068927031762543337186533
2566.1666450000002		292332523886715471815071557997251265288
2566.1666450000002		114994583965504175341892099797637604299
2478.5686880000003		131392721919938732099420130598862332813
2434.173987		288022161721041265548960565362042656066
2434.173987		260161097598831328519267429477304714792
2434.173987		164025423890307914911433208822534109474
2398.1492700000003		181312092986972429027203506196790279353
2398.1492700000003		190299476522864204715783677623158406286
2387.9868570000003		326861527247931904809054435100915620667
2371.784344		230177819780877770650260996701940599235
2223.5686880000003		193634657840458681405995007578464945582
2163.246024		7052652783053190909196370890708584576
2132.9868570000003		113534237106434284488522021294891495988
2132.9868570000003		245730548655357122014959865089222842544
2132.9868570000003		267281669194448088214128515761134846194
2116.784344		888128195553603977053760306273097261
2116.784344		279943224303252358618716093816882941194
2010.0000000000005		30874283037022575636186165131442171000
2010.0000000000005		35745614344347591493061828239500600126
1940.1195280000002		210909491863167089876356347582372476473
1940.1195280000002		147067421671033014086912232274880942063
1940.1195280000002		109201398593828919044196265514531238145
1940.1195280000002		20418553700856321536411729715081843446
1861.7843440000006		43018367593395609130385411732537672572
1861.7843440000006		68592337301546214769410474491392476625
1808.392172		30212858968080788529425138860488382595
1808.392172		175220240539670941889603909928656913734
1808.392172		57390739430391909474775647516855461280
1808.392172		114890183038555487909213409904170707229
1808.392172		21730549810992039937211608749687515940
1808.392172		223298989353073294455240222552597284702
1808.392172		22631659384737685589582139213731201653
1808.392172		280235741193847378768182761807543635986
1808.392172		86913765124581547221925351882685488744
1755.0		101352965353513972921016801372268581599
1755.0		102508362108722087785851563988998116622
1755.0		155191900936557201364898468953473679658
1755.0		175355506050776061234875474205157268665
1755.0		182527990913509687450594349132958115985
1755.0		185729606075417832270050105040473227376
1755.0		186714974623742708454693759991423335027
1755.0		200311597361456838429398779796546922658
1755.0		211878760992109418806726382077038283046
1755.0		230144232136733996133175724910894399058
1755.0		240623084380163145707527005499733842551
1755.0		263184058901076835652049276415241493721
1755.0		275642161800365918912298318497478965953
1755.0		296823334617463523477826113283757025432
1755.0		304212837779145636579450768688232574035
1755.0		323416360344547744680005898660354172211
1755.0		3671719637918153880346145980613663904
1755.0		59880751092836305688589653777990234943
1755.0		75598319553911551131831927533194227048
1755.0		78698820017469017821583043214522694635
1755.0		236164623452944765293991214267424721986
1500.0000000000002		218594466807557471842721502963335443150
1500.0000000000002		4482426313867009741878877017601134604
1500.0000000000002		19535246591714326337711411922360897492
1500.0000000000002		18138956808850281543391361552046614816
1500.0000000000002		128645859247652853896884040317132396937
1500.0000000000002		68111357236996528500726437169674163411
1500.0000000000002		153220329054749572624781338525075574158
1500.0000000000002		70086796758126382852728283651035054756
1500.0000000000002		142186689150418124636450770029420229746
1500.0000000000002		111323423298924499851173943282015327225
1500.0000000000002		308805899073053619121053958963270395854
1500.0000000000002		267722155031291810544581748331360021901
1500.0000000000002		221813501383019525338719374474051067471
14872.792076000003		104524212055442757665907965243560045101
10791.243223000001		82306156766194587629690350083967473394
10703.346440000001		134661996234159808488375170070473187582
10582.651693000003		155346617108560808581184142629329729230
10049.585719		227109448702302113507903604759918416063
